0.0300
0.1945
0.3646
0.6972
0.8669
1.5317
1.6955
2.0305
2.8603
3.0283
3.3628
3.5318
3.8652
4.1974
4.3623
4.6960
4.8627
5.0313
5.3620
5.5265
5.6935
5.8661
6.0291
6.5296
6.8637
7.0287
7.3622
8.1935
8.3615
8.6952
8.8607
9.1971
9.3604
9.5295
9.6946
10.0276
10.1933
10.3641
10.5282
10.6948
10.8593
11.3629
11.5264
11.8634
12.1961
12.3611
12.6960
13.5261
13.6936
14.0283
14.1934
14.3635
14.5293
14.6946
14.8633
15.0269
15.1953
15.3614
15.5266
15.6962
15.8618
16.0280
16.1930
16.3605
16.5295
16.6967
16.8604
17.5291
17.6953
18.0283
18.8589
19.0266
19.3615
19.8642
20.1961
20.3636
20.5257
20.6947
20.8655
21.0306
21.1982
21.3632
21.5261
21.6913
21.8663
22.0133
22.3581
22.8626
23.0251
23.2005
23.3462
23.6919
24.1926
24.3594
24.5284
24.6807
24.8602
25.0273
25.1964
25.3666
25.5290
25.6923
25.8684
26.0136
26.1932
26.3608
26.5277
26.6954
26.8588
27.0246
27.1999
27.3486
27.5275
27.6920
28.1964
28.3593
28.5339
28.6793
28.8605
29.0249
29.5261
29.6917
29.8619
30.0153
30.1937
30.3609
30.5327
30.6999
30.8626
31.0242
31.2001
31.3489
31.5257
31.6919
31.8613
32.0284
32.1922
32.3588
32.5336
32.6781
32.8601
33.0254
33.5293
33.6921
33.8673
34.0137
34.1945
34.3583
34.8587
35.0248
35.1951
35.3490
35.5269
35.6925
35.8630
36.0338
36.1966
36.3576
36.5335
36.6770
36.8598
37.0261
37.1952
37.3632
37.5257
37.6930
37.8674
38.0127
38.1922
38.3584
38.8621
39.0250
39.2004
39.3483
39.6918
40.1921
40.3588
40.6801
41.0269
41.2020
41.5286
41.6918
41.8637
42.0132
42.1966
42.3603
42.5336
42.6979
42.8598
43.0251
43.1964
43.3443
43.5298
43.6917
43.8612
44.0297
44.1924
44.3342
44.5314
44.6794
44.8592
45.0269
45.3589
45.5262
45.6941
45.8603
46.0149
46.1938
46.3605
46.5258
46.6958
46.8609
47.0034
47.1943
47.3472
47.5290
47.6960
47.8842
48.0274
48.1923
48.3389
48.5267
48.6781
48.8597
49.0252
49.1940
49.3640
49.5299
49.6904
49.8621
50.0122
50.1941
50.3585
50.6972
50.8594
51.0275
51.1929
51.3491
51.5296
51.6925
51.8600
52.0306
52.1943
52.3294
52.5312
52.6821
52.8602
53.0305
53.2151
53.2874
53.3657
53.5261
53.6928
53.8617
54.0124
54.1951
54.3585
54.5280
54.6968
54.8597
55.0013
55.1980
55.3472
55.5274
55.6933
56.0255
56.1929
56.3614
56.5264
56.6829
56.8603
57.0257
57.1930
57.3624
57.5273
57.6720
57.8613
58.0107
58.1956
58.3610
58.5515
58.6956
58.8593
59.0076
59.1923
59.3464
59.5268
59.6914
59.8607
60.0303
60.1959
60.3570
60.5281
60.6772
60.8586
61.0254
61.3638
61.5258
61.6930
61.8600
62.0157
62.1988
62.3586
62.5288
62.6975
62.8602
63.0261
63.1957
63.3472
63.5301
63.6946
63.8699
63.9560
64.0485
64.5268
64.7037
65.6933
66.0361
66.1942
67.0269
67.1933
67.5259
67.6939
68.0263
68.3595
68.5267
68.6949
68.8587
69.0265
69.3604
69.6925
69.8604
70.0356
70.1934
71.0263
71.3697
72.3612
72.5268
72.8605
73.1935
73.3603
73.6929
73.8602
74.0283
74.1920
74.3603
74.5285
74.6940
75.1938
75.3689
76.3587
76.7020
77.6919
77.8593
78.1936
78.3617
78.5271
78.6944
79.0264
79.1938
79.3612
79.5264
79.8621
80.0266
80.5268
80.7009
81.6937
82.0363
83.0280
83.1939
83.3724
84.0297
84.3623
84.5276
84.6960