0.0000
0.2123
0.4137
0.6106
1.0114
1.2132
1.3141
1.4098
1.6110
1.8127
2.0120
2.2112
2.5129
2.6103
2.8139
2.9143
3.0094
3.2115
3.4123
3.6126
3.8113
4.2115
4.4146
4.5147
4.6104
4.8110
5.0128
5.2147
5.4117
5.8124
6.0140
6.1149
6.2097
6.4114
6.6131
6.8121
7.0113
7.4111
7.6139
7.7157
7.8102
8.0093
8.2115
8.4139
8.6118
9.0117
9.2134
9.3151
9.4088
9.6107
9.8111
10.0109
10.2109
10.6099
10.8137
10.9141
11.0090
11.2101
11.4107
11.6121
11.8110
12.2112
12.4137
12.5140
12.6099
12.8108
13.0122
13.2141
13.4106
13.8105
14.1145
14.2099
14.4077
14.6122
14.8113
15.0115
15.4104
15.6131
15.7151
15.8089
16.0103
16.2121
16.4132
16.6119
17.0118
17.2138
17.3155
17.4095
17.6100
17.8113
18.0141
18.2121
18.6118
18.8147
18.9151
19.0104
19.2121
19.4134
19.6121
19.8097
20.2101
20.4139
20.5135
20.6082
20.8078
21.0107
21.2127
21.4108
21.8111
22.0116
22.1141
22.2083
22.4097
22.6102
22.8105
23.0115
23.4103
23.6105
23.7146
23.8089
24.0102
24.2106
24.4124
24.6114
25.0117
25.2145
25.3146
25.4107
25.6112
25.8119
26.0127
26.2106
26.6109
26.9145
27.2071
27.4127
27.6115
27.8124
28.2105
28.4121
28.5156
28.6085
28.8096
29.0113
29.2131
29.4122
29.8108
30.0136
30.1136
30.2085
30.4100
30.6108
30.8101
31.0108
31.4085
31.6102
31.7100
31.8111
32.0122
32.2117
32.4148
32.6102
32.8134
33.0111
33.2149
33.4107
33.6141
33.8132
34.0127
34.2106
34.4117
34.6111
34.8126
35.0107
35.2126
35.4106
35.6136
35.8128
36.0120
36.2104
36.4121
36.6115
36.8128
37.0118
37.2147
37.4113
37.6131
37.8101
38.0122
38.2116
38.4127
38.6138
38.8125
39.0126
39.4121
39.6154
39.7152
40.0122
40.2134
40.4154
40.6118
41.0115
41.2148
41.3158
41.4103
41.6121
41.8131
41.9193
42.0113
42.2127
42.6122
42.9158
43.0110
43.2127
43.4139
43.6155
43.8121
44.2120
44.4152
44.5163
44.6102
44.8125
45.0113
45.2150
45.4107
45.6134
45.8114
46.0153
46.2101
46.4132
46.6123
46.8145
47.0099
47.2132
47.4117
47.6148
47.8112
48.0142
48.2094
48.4160
48.6125
48.8134
49.0096
49.2124
49.4118
49.6129
49.8119
50.0148
50.2111
50.4127
50.6105
50.8132
51.0112
51.4107
51.6093
51.8094
51.9517
52.0141
52.2088
52.3275
52.5096
52.6092
52.8072
53.0104
53.2114
53.4068
53.6081
53.8085
53.9222
54.0015
54.2069
54.4059
54.6072
54.8086
55.0091
55.2078
55.6264
56.0090
56.8161
57.2031