0.0000
0.4115
0.8179
1.1337
1.2229
1.4361
1.6271
1.8385
2.0337
2.4384
2.7535
2.8430
3.2499
3.6558
4.0581
4.3734
4.4656
4.6805
4.8710
5.0819
5.2771
5.6828
5.9986
6.0868
6.4935
6.8078
6.8995
7.1208
7.3051
7.6174
7.7093
7.9218
8.1144
8.3274
8.5206
8.9265
9.1381
9.2391
9.3312
9.5482
9.7366
10.0509
10.1417
10.3624
10.5496
10.7605
10.8609
10.9513
11.1660
11.3571
11.5720
11.7654
12.1693
12.3814
12.4830
12.5734
12.7924
12.9829
13.2956
13.3881
13.7917
14.1013
14.4060
14.8098
15.0096
15.4143
15.7235
16.2231
16.5376
16.6307
17.0365
17.3438
17.6490
18.0528
18.2527
18.6577
18.9688
19.4656
19.5716
19.6757
19.8731
20.0822
20.1808
20.2791
20.3841
20.4880
20.5866
20.6847
20.8924
20.9934
21.0880
21.1932
21.2959
21.4948
21.7021
21.8030
21.9004
22.0036
22.1104
22.2100
22.3053
22.5139
22.6142
22.7107
22.8156
22.9162
23.1170
23.3239
23.4245
23.5210
23.6254
23.7320
23.8320
23.9271
24.1351
24.2359
24.3325
24.4356
24.5403
24.7373
24.9466
25.0465
25.1436
25.2485
25.3526
25.4535
25.5493
25.6551
25.7066
25.7577
25.8602
25.9547
26.1606
26.3597
26.5659
26.6660
26.7651
26.8676
26.9738
27.1696
27.3805
27.5754
27.7815
27.9817
28.1879
28.2904
28.3868
28.4894
28.5974
28.6963
28.7920
28.9989
29.1971
29.2985
29.4041
29.6024
29.8102
29.9097
30.0076
30.1117
30.2165
30.4137
30.6217
30.8192
31.0257
31.2240
31.4317
31.5320
31.6294
31.7330
31.8389
31.9411
32.0356
32.2434
32.4396
32.6477
32.8465
33.0525
33.1530
33.2518
33.3536
33.4601
33.6560
33.8649
34.0614
34.2683
34.4684
34.6743
34.7751
34.8742
34.9756
35.0829
35.1824
35.2785
35.4873
35.6831
35.8901
36.0897
36.2965
36.3979
36.4934
36.5965
36.7039
36.8999
37.1080
37.3056
37.4060
37.5121
37.7110
37.9180
38.1165
38.2195
38.3254
38.4228
38.5216
38.6276
38.6793
38.7294
38.8323
38.9273
39.1325
39.3312
39.5421
39.6384
39.7387
39.8145
39.9466
40.0451
40.1432
40.3493
40.4536
40.5476
40.6623
40.7545
40.9538
41.0565
41.1614
41.2601
41.3599
41.4622
41.5684
41.7647
41.9727
42.1707
42.3746
42.4771
42.5759
42.7831
42.8842
42.9823
43.0842
43.1915
43.2912
43.3859
43.5959
43.6911
43.7909
43.8963
43.9987
44.0967
44.1977
44.4017
44.5051
44.6026
44.7075
44.8104
44.9124
45.0081
45.2165
45.4143
45.6191
45.8175
46.0262
46.1261
46.2234
46.2994
46.4319
46.5315
46.6299
46.8357
47.0340
47.2418
47.4404
47.5430
47.6497
47.7472
47.8468
47.9489
48.0537
48.2515
48.4585
48.6568
48.8631
48.9612
49.0620
49.2692
49.3702
49.4681
49.5709
49.6773
49.7790
49.8725
50.0820
50.1781
50.3824
50.4839
50.5827
50.6834
50.8882
50.9927
51.0885
51.1933
51.2967
51.3997
51.4945
51.6013
51.6527
51.7045
51.9007
52.1054
52.3030
52.5147
52.6132
52.7883
52.9189
53.0179
53.1161
53.3223
53.5215
53.7280
53.9266
54.0298
54.1372
54.2327
54.3330
54.4357
54.5403
54.7389
54.9438
55.1428
55.3484
55.4500
55.5482
55.7551
55.8567
55.9546
56.0586
56.1633
56.3604
56.5679
56.6649
56.9732
57.0688
57.1711
57.3744
57.4789
57.5771
57.6801
57.7829
57.9807
58.1905
58.2910
58.3866
58.5922
58.7925
58.9998
59.0996
59.2746
59.4047
59.5032
59.6026
59.8079
60.0079
60.2127
60.4141
60.5168
60.6233
60.7203
60.8183
60.9214
61.0280
61.2238
61.4309
61.6308
61.8353
61.9371
62.0351
62.2433
62.3431
62.4417
62.6456
62.7471
62.8463
63.0534
63.1547
63.2520
63.3539
63.4589
63.5572
63.6561
63.7604
63.8637
63.9652
64.0644
64.4688
64.5713
64.6731
64.7745
64.8736
65.0811
65.2759
65.4848
65.5830
65.6850
65.7890
65.8941
66.0902
66.2972
66.4946
66.7029
66.8050
66.9007
67.1072
67.2078
67.3067
67.4091
67.5158
67.7117
67.9170
68.1177
68.3232
68.5223
68.7282
68.9273
69.1377
69.2357
69.3326
69.5384
69.7387
69.9441
70.1449
70.3503
70.4499
70.5505
70.7573
70.9559
71.1617
71.2619
71.3606
71.5663
71.7650
71.9722
72.0722
72.1706
72.2746
72.3804
72.5754
72.7831
72.9820
73.1882
73.3856
73.5934
73.6941
73.7925
73.8974
74.0005
74.1982
74.4059
74.6028
74.8108
75.0086
75.2149
75.3159
75.4153
75.6226
75.7184
75.8168
76.0291
76.2263
76.4307
76.5302
76.6301
76.8371
76.9372
77.0364
77.2440
77.4409
77.6465
77.7472
77.8483
78.4597
78.5593
78.6562
78.7611
78.8675
79.0630
79.2695
79.4687
79.6758
79.7765
79.8735
80.0811
80.1788
80.2783
80.3824
80.4890
80.6858
80.8937
81.0888
81.2959
81.4936
81.7016
81.8010
81.9006
82.1090
82.3056
82.5124
82.7108
82.9170
83.0212
83.1175
83.3235
83.4245
83.5226
83.7285
83.8281
83.9284
84.1344
84.2350
84.3340
84.5391
84.9441
85.1435
85.2471
85.3529
85.5481
85.7564
85.8519
85.9542
86.1607
86.3589
86.5677
86.6688
86.7658
86.8688
86.9737
87.1716
87.3788
87.5770
87.7841
87.9805
88.1880
88.2931
88.3879
88.5963
88.6938
88.7907
89.0008
89.1021
89.2004
89.3556
89.4537
89.7074
89.7590
90.0094
90.3133
90.4148
90.6190
90.7188
90.8192
91.0254
91.2238
91.4328
91.5319
91.6302
91.7342
91.8391
91.9388
92.0365
92.2445
92.4405
92.6496
92.8473
93.0538
93.1533
93.2521
93.3542
93.4617
93.5617
93.6568
93.8667
93.9646
94.0622
94.2698
94.4683
94.6756
94.7762
94.8729
94.9768
95.0836
95.2788
95.4868
95.5872
95.6845
95.8905
96.0908
96.2975
96.3974
96.4943
96.5981
96.7048
96.8024
96.9012
97.1085
97.3065
97.3607
97.5133
97.7107
97.9192
98.0201
98.1158
98.2198
98.3270
98.4268
98.5222
98.7296
98.9279
99.1348
99.3325
99.5413
99.6402
99.7384
99.8423
99.9474
100.0482
100.1442
100.3517
100.4542
100.5499
100.7559
100.9536
101.1627
101.2626
101.3595
101.4638
101.5688
101.6690
101.7662
101.9739
102.0750
102.1698
102.3786
102.5759
102.7830
102.8845
102.9815
103.0853
103.1910
103.2899
103.3869
103.5955
103.6974
103.7914
103.9996
104.1977
104.4050
104.5049
104.6033
104.7058
104.8126
104.9127
105.0076
105.2175
105.3179
105.4133
105.6203
105.8200
106.0270
106.1277
106.2248
106.3275
106.4346
106.5337
106.6298
106.8395
107.0356
107.2426
107.4398
107.6490
107.7483
107.8461
107.9505
108.0564
108.2519
108.4599
108.6580
108.8645
109.0620
109.2710
109.3694
109.4679
109.5715
109.6763
109.7776
109.8743
110.0817
110.1827
110.2795
110.3337
110.4864
110.6837
110.8923
110.9908
111.0894
111.1932
111.2984
111.3986
111.4952
111.7034
111.8065
111.8998
112.1088
112.3066
112.5132
112.6129
112.7118
112.8133
112.9210
113.0202
113.1157
113.3255
113.5216
113.7287
113.9278
114.1355
114.2355
114.3326
114.4366
114.5432
114.6403
114.7385
114.9461
115.0472
115.3551
115.4701
115.7586
115.9656
116.1659
116.7255
116.9726
117.0744
117.1766
117.3771
117.4804
117.5827
117.7821
117.8861
118.0402
118.1871
118.3925
118.5943
118.6959
118.7986
118.9979
119.1026
119.2033
119.4051
119.5077
119.6629
119.8092
120.0152
120.2151
120.3184
120.4206
120.6199
120.7239
120.8242
121.0263
121.1287
121.2831
121.4314
121.6364
121.8361
121.9410
122.0384
122.1575
122.2434
122.3443
122.4444
122.6053
122.7503
122.9529
123.0512
123.2499
123.4578
123.5625
123.6605
123.7965
123.8658
123.9663
124.0682
124.1584
124.2213
124.3400
124.4327
124.5321
124.6782
124.7814
124.8814
124.9458
125.0063
125.0766
125.1487
125.2269
125.2874
125.4098
125.4849
125.5905
125.6883
125.8905
125.9949
126.1512
126.2958
126.4949
126.7012
126.8030
126.9034
127.1054
127.2076
127.3083
127.5105
127.6107
127.7113
127.8143
127.9155
128.0149
128.1191
128.2206
128.3229
128.4235
128.5249
128.7266
128.8289
128.9291
129.0216
129.1315
129.2348
129.3336
129.4377
129.5373
129.7377
129.8372
129.9403
130.0397
130.1439
130.2438
130.3472
130.4466
130.5511
130.6559
130.8520
131.0592
131.1579
131.2582
131.3581
131.4616
131.5623
131.6631
131.7637
131.8665
131.9666
132.0692
132.1699
132.2764
132.3730
132.4800
132.5757
132.6888
132.7874
132.8870
132.9900
133.0891
133.1866
133.2931
133.3926
133.4905
133.5990
133.6971
133.7952
133.9020
134.0014
134.0987
134.2053
134.4026