0.0000
0.2610
0.5209
0.7817
1.0437
1.3039
2.0885
2.6091
2.8693
3.1289
3.6536
4.1749
4.6962
6.2610
6.5221
6.7829
7.0442
7.3044
7.5656
8.3502
8.7700
8.8718
9.1290
9.6517
9.9149
10.4367
10.9582
12.5213
12.7829
13.0428
13.3039
13.5650
13.8253
14.0867
14.3479
14.6097
15.1311
15.3908
15.6505
16.1754
16.6968
17.2178
18.7828
19.0438
19.3043
19.5657
19.8260
20.0875
20.8723
21.3922
21.6510
22.4362
22.9580
23.4800
25.0449
25.3032
25.5650
25.8256
26.0862
26.3472
26.6080
27.1323
27.6534
28.1724
28.4351
28.6964
28.9558
29.2173
29.4770
29.7383
30.7863
31.0427
31.3035
31.5651
31.8261
32.0873
32.3477
32.6093
32.8691
33.3943
33.9147
34.1727
34.4341
34.9605
35.4822
35.9996
37.5666
37.8261
38.0863
38.3475
38.6077
38.8691
39.1294
39.5653
39.6544
40.1749
40.6948
40.9564
41.4775
41.7399
41.9996
42.2593
43.3078
43.5645
43.8258
44.0864
44.3472
44.6086
44.8695
45.1307
45.3905
45.9162
46.4375
46.6946
46.9551
47.4818
48.0040
48.5214