0.0000
0.2236
0.3334
0.4350
0.5439
0.6530
0.7562
0.8685
0.9698
1.0818
1.1879
1.2918
1.4013
1.5114
1.7250
1.8310
1.9367
2.0462
2.1501
2.2584
2.3672
2.4712
2.5818
2.6847
2.7946
2.9041
3.0064
3.1170
3.2239
3.3296
3.4382
3.6519
3.7610
3.8629
3.9720
4.0819
4.1834
4.2964
4.4006
4.5082
4.6175
4.7203
4.8312
4.9380
5.0385
5.1532
5.2563
5.3665
5.4734
5.5777
5.6871
5.7968
5.8979
6.0111
6.1113
6.2227
6.3321
6.4342
6.5456
6.6524
6.7581
6.8681
6.9684
7.0797
7.1896
7.2934
7.4003
7.5102
7.6130
7.7253
7.8274
7.9381
8.0460
8.1498
8.2589
8.3678
8.5829
8.6863
8.7945
8.9027
9.0073
9.1155
9.2253
9.4402
9.5420
9.6511
9.7605
9.8624
9.9740
10.0826
10.1851
10.2960
10.5086
10.6178
10.7216
10.8303
10.9388
11.0417
11.1520
11.2535
11.3681
11.4743
11.5778
11.6871
11.7975
11.8983
12.0106
12.1123
12.2228
12.3321
12.4351
12.5451
12.6522
12.7571
12.8670
12.9708
13.0809
13.1891
13.2921
13.4008
13.5105
13.6142
13.7254
13.8248
13.9362
14.0483
14.1493
14.2589
14.3671
14.4695
14.5830
14.7947
14.9025
15.0072
15.1147
15.2243
15.3251
15.4389
15.6525
15.7598
15.8639
15.9723
16.0811
16.1841
16.2976
16.3984
16.5081
16.6181
16.7220
16.8306
16.9390
17.0453
17.1532
17.2532
17.3664
17.4747
17.5789
17.6867
17.7972
17.8979
18.0106
18.2243
18.3319
18.4354
18.5447
18.6535
18.8690
19.0817
19.1880
19.2925
19.4010
19.5094
19.6126
19.7246
19.8269
19.9365
20.0477
20.1483
20.2589
20.3688
20.4721
20.5826
20.6823
20.7944
20.9059
21.0068
21.1164
21.2249
21.3277
21.4388
21.6532
21.7602
21.8659
21.9728
22.0833
22.1833
22.2958
22.3975
22.5085
22.6177
22.7224
22.8302
22.9365
23.0395
23.1540
23.2540
23.3666
23.4736
23.5790
23.6868
23.7975
23.9024
24.0110
24.2219
24.3325
24.4346
24.5444
24.6545
24.7558
24.8684
25.0807
25.1877
25.2924
25.4020
25.5106
25.7251
25.9380
26.0458
26.1507
26.2585
26.3677
26.4689
26.5813
27.0082
27.4372
27.5442
27.6538
27.8670
27.9725
28.0824
28.2954
28.4032
28.5101
28.7229
28.8301
28.9382
29.1528
29.2583
29.3670
29.5806
29.6882
29.7959
29.8933
30.0094
30.1162
30.2236
30.4388
30.5444
30.6520
30.8658
30.9719
31.0838
31.2949
31.4024
31.5111
31.7220
32.1487
33.4375
33.8660