0.0000
0.2456
0.4833
0.6096
0.7216
0.8396
0.9562
1.0816
1.1920
1.3190
1.4297
1.5476
1.6636
1.8996
2.1378
2.3758
2.5005
2.6097
2.7311
2.8462
2.9716
3.0843
3.2072
3.3176
3.4386
3.5546
3.7922
4.0248
4.2622
4.3925
4.5007
4.6207
4.7383
4.8635
4.9712
5.0994
5.2088
5.3277
5.4464
5.6788
5.9168
6.1545
6.2806
6.3876
6.5108
6.6252
6.7523
6.8632
6.9887
7.0971
7.2106
7.3336
7.5713
7.8055
7.9163
8.0417
8.2798
8.3900
8.5130
8.6251
8.7516
8.8623
8.9881
9.2256
9.4588
9.6962
9.8076
9.9336
10.1674
10.2800
10.4044
10.5159
10.6425
10.7517
10.8796
11.1133
11.3506
11.5884
11.6961
11.8212
11.9509
12.0590
12.1700
12.2946
12.4062
12.5298
12.6432
12.7671
13.0053
13.2374
13.4812
13.7085
13.8390
14.0620
14.3099
14.5463
14.6559
14.7833
14.9004
15.1229
15.3626
15.4794
15.5986
15.8376
15.9536
16.1918
16.3084
16.4240
16.5425
16.6597
16.7779
17.0169
17.2543
17.3670
17.4885
17.7249
17.8431
18.0839
18.1983
18.3133
18.4334
18.5496
18.6705
18.9045
19.1444
19.2579
19.3796
19.6170
19.7329
19.9710
20.0878
20.2042
20.3232
20.4400
20.5578
20.7958
21.0334
21.1480
21.2671
21.5037
21.6231
21.8632
21.9799
22.0933
22.2134
22.3293
22.4498
22.6847
22.9208
23.0381
23.1586
23.3961
23.5119
23.7506
23.8669
23.9833
24.1034
24.2184
24.3366
24.5744
24.8126
24.9261
25.0471
25.2834
25.4017
25.6409
25.7584
25.8729
25.9915
26.1088
26.2287
26.4655
26.7043
26.8169
26.9377
27.1754
27.2915
27.5295
27.6465
27.7628
27.8822
27.9994
28.1167
28.3542
28.5917
28.7073
28.8275
29.0647
29.1821
29.4215
29.5382
29.6505
29.7715
29.8881
30.0078
30.2425
30.4796
30.7173
30.8485
30.9543
31.0722
31.1888
31.3094
31.4266
31.6622
31.7800
31.8989
32.1338
32.3705
32.6055
32.8463
32.9622
33.0795
33.2006
33.3172
33.5511
33.6677
33.7872
34.0246
34.2626
34.4961
34.7334
34.8505
34.9707
35.0917
35.2080
35.4416
35.5595
35.6789
35.9132
36.1495
36.3864
36.6249
36.7405
36.8583
36.9793
37.0966
37.3314
37.4493
37.5159
37.5673
37.8046
38.0421
38.2754
38.4134
38.5127
38.6302
38.7481
38.8673
38.9844
39.2209
39.3394
39.4588
39.6939
39.9295
40.1666
40.4046
40.5205
40.6368
40.7589
40.8752
41.1097
41.2273
41.3451
41.5843
41.8211
42.0553
42.2920
42.4102
42.5289
42.6505
42.7664
43.0005
43.1175
43.2376
43.4713
43.7105
43.9458
44.1838
44.3003
44.4159
44.5379
44.6543
44.8914
45.0076
45.1249
45.3618
45.6001
45.8347
46.0716
46.1895
46.3095
46.4300
46.5464
46.7796
46.8981
47.0165
47.2516
47.4870
47.7254
47.9628
48.0802
48.1968
48.3173
48.4343
48.6704
48.7864
48.9059
49.1423
49.3792
49.6136
49.8528
49.9694
50.0883
50.2093
50.3259
50.5585
50.6795
50.7959
51.0297
51.2668
51.5045
51.7420
51.8599
51.9763
52.0983
52.2138
52.4496
52.5665
52.6868
52.9216
53.1583
53.3935
53.6293
53.7502
53.8680
53.9883
54.1049
54.3383
54.4564
54.5750
54.8119
55.0500
55.2833
55.5209
55.6378
55.7576
55.8788
55.9951
56.2295
56.3449
56.4671
56.7014
56.9375
57.1745
57.4101
57.5281
57.6464
57.7671
57.8837
58.1183
58.2345
58.3536
58.9461
59.1324
59.2081
59.2788
59.4169
59.5229
59.6557
59.8120
59.8771
60.0093
60.1561
60.2425
60.4033
60.4600
60.6760
60.8932
61.1104
61.3256