0.2877
0.6741
1.4441
1.8359
2.6057
2.9970
3.7686
4.1585
4.9301
5.3192
6.0923
6.4766
6.8581
7.2505
7.6413
8.0208
8.4126
8.8020
9.5726
9.9577
10.3450
10.7349
11.1212
11.5095
11.8914
12.2797
12.6694
13.0534
13.4413
13.6339
13.8320
14.2185
14.6087
15.3797
15.7657
16.1483
16.5408
16.9305
17.3139
17.6976
18.0912
18.8619
19.2457
19.6352
20.0235
20.4090
20.8049
21.0255
21.1070
21.1847
21.5681
21.9568
22.2066
22.2685
22.3458
23.5074
23.6973
23.8932
24.0842
24.2806
24.4729
24.6661
24.8600
25.0499
25.2511
25.8285
26.2110
26.5973
26.9898
27.3769
28.1467
28.5339
28.9206
29.3095
29.6953
29.8879
30.0831
30.2712
30.4701
30.6667
30.8538
31.0486
31.2413
31.4354
31.6328
31.8313
32.0151
32.2103
32.4038
32.5991
32.7902
33.1822
33.9547
34.3393
34.7212
35.0789
35.4793
35.8528
36.2713
36.6636
37.4352
37.8218
38.0090
38.2046
38.3991
38.5926
38.9777
39.1716
39.3671
39.5610
39.7058
39.8260
39.8958
39.9770
40.1433
40.5261
40.9158
42.1351
42.5237
42.9101
43.2965
43.6814
44.0697
44.4569
44.8418
45.2304
45.6177
46.0027
46.3906
46.7753
47.1623
47.5478
47.9385
48.3235
48.7116
49.0950
49.4834
49.6792
49.8712
50.2580
50.6461
51.0307
51.4161
51.8052
52.1891
52.5811
52.9667
53.3536
53.7375
54.1282
54.5093
54.9004
55.2876
55.9986
56.0597
56.1231
56.4452
56.8336
57.2200
57.6059
57.9935
58.3829
58.7661
59.1546
59.5405
60.7174
61.1054
61.8658
62.2674
63.0376
63.4227
63.4763
64.5877
65.3627
65.7541
66.9039
67.6835
70.3498
79.2701
84.3207
85.2902
85.4564
86.6365
87.7742
88.9457
89.9277
90.1005
90.4934
91.2524
92.0390
92.4370
92.7968
93.2107
94.7355
97.8231
98.2105
98.4109
98.9805
99.3846
99.5701
99.7552
99.9501
100.1684
102.9417
103.6551
105.1966
108.6728
112.1739
118.8280