0.1295
0.2558
0.3225
0.3788
0.6283
0.9994
1.2492
1.5056
1.7553
1.8799
2.0047
2.1313
2.2560
2.3079
2.3782
2.6248
3.0026
3.2521
3.5016
3.7573
3.8797
4.0071
4.1312
4.2573
4.3787
4.6282
4.9991
5.2550
5.5052
5.5720
5.6366
5.7559
5.8805
6.0050
6.0610
6.1316
6.2570
6.3795
6.6244
6.7139
7.0023
7.2517
7.5011
7.5550
7.6421
7.7549
7.8792
7.9385
8.0073
8.1304
8.2553
8.3795
8.6290
9.0046
9.2545
9.5041
9.7549
9.8798
10.0052
10.1309
10.2541
10.3782
10.6290
11.0031
11.2533
11.5030
11.7547
11.8797
12.0060
12.1316
12.2561
12.3788
12.6285
13.0047
13.2546
13.5045
13.7550
13.8797
14.0055
14.1317
14.2559
14.3789
14.6268
15.0028
15.2542
15.5042
15.7572
15.8833
16.0054
16.1300
16.3779
16.6277
17.1294
17.2568
17.3789
17.8786
18.1277
18.2562
18.3788
18.6292
18.7589
18.8806
19.1302
19.2554
19.5025
19.8795
20.1309
20.3789
20.6284
20.7553
20.8792
21.0062
21.1325
21.2551
21.5075
21.8782
22.1296
22.2547
22.3797
22.6277
22.7620
22.8793
23.5035
23.7524
23.8799
24.1293
24.3784
24.6290
24.7620
25.0040
25.1326
25.2554
25.3811
25.8780
26.1301
26.2554
26.3788
26.6290
26.7591
26.8807
27.1301
27.2546
27.3797
27.5049
27.8792
28.1287
28.2581
28.3796
28.6286
28.7574
29.0056
29.1294
29.2570
29.5049
29.8792
30.1297
30.3796
30.6282
30.7588
30.8795
31.1271
31.5037
31.7519
31.8784
32.3751
32.5090
32.6300
32.7522
32.8783
33.0047
33.1286
33.2519
33.3777
33.5055
33.6324
33.7525
33.8797
34.0053
34.1294
34.2542
34.3764
34.5068
34.6307
34.7524
34.8781
35.0038
35.1297
35.2540
35.3758
35.5045
35.6312
35.7512
35.8788
36.0103
36.1290
36.2498
36.3774
36.5046
36.6311
36.7523
36.8776
37.0079
37.1308
37.2537
37.3780
37.5042
37.6303
37.7521
37.8775
38.0080
38.1301
38.3801
38.6291
38.8776
39.1282
39.8779
40.1272
40.6288
40.7562
41.2560
41.5046
41.8782
42.1277
42.2584
42.3802
42.6292
42.7536
43.0031
43.1291
43.2569
43.3797
43.6383
43.8785
44.1279
44.2592
44.3798
44.6287
44.7563
45.1273
45.2537
45.3794
45.6298
45.8782
46.1296
46.2603
46.3797
46.6290
46.7542
46.8799
48.6311
48.8790
49.1301
49.3771
49.6314
49.8777
50.1293
50.6294
51.1306
51.6332
51.8783
52.3782
52.6281
52.8778
53.1293
53.3779
53.6321
53.8782
54.1302
54.6278
56.1295
56.3797
56.6308
56.8789
57.1294
57.6306
58.1297
58.6293
59.1284
59.6308
60.1292
61.1293
61.3767
61.6295
61.8787
62.1291
62.3791
63.1255
64.1310
64.3803
64.6309
64.8792
65.1296
65.3781
65.6311
65.8788
66.1287
66.6297
67.1315
67.6321
67.8803
68.1269
68.3790
68.6313
68.8787
69.1286
69.3788
69.6312
69.8776
70.1288
70.6274
72.1305
72.3791
72.6303
72.8777
73.1291
73.3789
73.6310
73.8788
74.1287
74.3786
74.6309
75.1286
75.6311
75.8799
76.1288
76.6315
77.1291
77.3775
77.6301
77.8777
78.1300
78.6311
79.1273
80.6274
80.8836
81.1304
81.3817
81.6291
81.8763
82.3799
82.6266
82.8823
83.1296
83.3800
83.6303
83.8784
84.1309
84.3802
84.6285
84.8830
85.1334
85.3805
85.6291
85.8777
86.1312
86.3805
86.6263
86.8818
87.1305
87.3809
87.6305
87.8774
88.1301
88.3804
88.6280
88.8818
89.1306
89.3794
89.6318
89.8752
90.1323
90.3809
90.6274
90.8848
91.3789
91.6291
91.8782
92.1306
92.3800
92.6285
92.8813
93.1309
93.3806
93.6301
93.8776
94.1326
94.3809
94.6277
94.8824
95.1309
95.3800
95.6300
95.8780
96.1298
96.3807
96.6277
96.8816
97.1308
97.2538
97.3812
97.6310
97.8781
98.0038
98.1312
98.3810
98.6275
98.8811
99.0031
99.1310
99.2518
99.3800
99.6284
99.8785
100.1303
100.3800
100.6288
100.8810
101.0046
101.1317
101.3809
101.6304
101.8785
102.1315
102.3798
102.6283
102.8836
103.0044
103.1300
103.2544
103.3798
103.6328
103.8793
104.1312
104.3785
104.6268
104.8824
105.0014
105.1320
105.2526
105.3808
105.5036
105.6327
105.8770
106.0046
106.1309
106.3807
106.6282
106.8831
107.0037
107.1310
107.2538
107.3810
107.8792
108.0058
108.2553
108.3805
108.6300
109.0042
109.2543
109.5041
109.7557
109.8814
110.0045
110.2524
110.3792
110.6277
111.0046
111.5030
111.7524
111.8798
112.0069
112.7579
112.8798
113.1298
113.2614
113.5078
113.6368
113.8799
114.1286
114.2581
114.3798
114.6291
114.7606
114.8784
115.1312
115.2564
115.3818
115.6366
115.8793
116.1307
116.2569
116.3780
116.6313
116.7611
116.8800
117.1277
117.2580
117.3804
117.6356
117.8786
118.1296
118.2613
118.3796
118.6298
118.7586
118.8791
119.1293
119.2603
119.3783
119.6332
119.8814
120.1301
120.2593
120.3798
120.6313
120.7571
120.8801
121.1294
121.3792
121.6327
121.8800
122.2615
122.3790
122.6309
122.7617
122.8786
123.1287
123.2595
123.3793
123.6331
123.8791
124.1304
124.2590
124.3790
124.6300
124.7595
124.8802
125.1315
125.2580
125.3789
125.6353
125.8799
126.1304
126.2591
126.3794
126.6309
126.7616
127.1295
127.2611
127.3790
127.6322
127.8810
128.1305
128.3794
128.6308
128.7587
128.8789
129.1304
129.2583
129.3789
129.6333
129.8801
130.1312
130.3776
130.6302
130.7585
130.8786
131.1303
131.2598
131.5057
131.8800
132.1278
132.2579
132.3815
132.6309
132.7594
132.8776
133.1295
133.2563
133.3799
133.6343
133.8781
134.1289
134.2567
134.3791
134.6299
134.7614
134.8774
135.1288
135.2566
135.3805
135.6353
135.8791
136.1304
136.3798
136.6294
136.7580
136.8802
137.1291
137.2601
137.3795
137.6333
137.8814
138.1288
138.2603
138.3782
138.6305
138.7581
138.8783
139.1297
139.2606
139.3775
139.6319
139.8798
140.1298
140.2578
140.3806
140.6293
140.7611
140.8804
141.0055
141.1308
141.2572
141.5045
141.7561
141.8816
142.1306
142.2574
142.3794
142.6285
142.7610
142.8788
143.0044
143.1317
143.2538
143.3791
143.5050
143.7567
143.8801
144.2569
144.3783
144.6268
145.0049
145.2543
145.5039
145.7545
145.8815
146.0060
146.1313
146.2574
146.3083
146.3806
146.6235
147.0006
147.2504
147.5001
147.7553
147.8783
148.0043
148.1311
148.1833
148.2554
148.3307
148.6260
149.0043
149.2538
149.3170
149.5033
149.7534
149.8251
149.8795
149.9574
150.1308
150.2570
150.3802
150.6232
151.0003
151.2500
151.4990
151.7561
151.8788
151.9614
152.1317
152.2558
152.3766
152.6257
153.0038
153.0723
153.2533
153.3040
153.5027
153.5603
153.7569
153.8808
154.0068
154.1309
154.2577
154.3798
154.6295
155.0000
155.2497
155.4994
155.7552
155.8790
156.0052