0.6973
1.9502
2.2102
2.4839
2.7544
3.0303
3.1650
3.2998
3.5768
3.7104
3.8452
4.1204
4.3913
4.6697
4.9358
5.2146
5.3544
5.4814
5.7609
5.9078
6.0263
6.3010
6.5742
6.8484
7.1190
7.3931
7.5281
7.6642
7.9418
8.0742
8.2094
8.4867
8.7567
9.0345
9.3012
9.5751
9.8421
10.1158
10.2723
10.3909
10.6660
10.7537
10.8464
10.9377
11.2122
11.4818
11.7580
11.8931
12.0264
12.3038
12.4380
12.5718
12.8471
13.1209
13.3960
13.5346
13.6631
13.9409
14.2122
14.4863
14.6358
14.7515
15.0288
15.3015
15.5760
15.8451
16.1203
16.2557
16.3920
16.6685
16.8022
16.9363
17.2129
17.4831
17.7613
18.0271
18.3016
18.5692
18.8456
18.9998
19.1178
19.3918
19.4800
19.5730
19.6651
19.9393
20.2086
20.4873
20.7542
21.0330
21.1731
21.2994
21.5749
21.7170
21.8454
22.1247
22.2642
22.3911
22.6688
22.9371
23.2136
23.3630
23.4814
23.7566
24.0290
24.3031
24.5133
24.5742
24.8491
25.1202
25.3982
25.5373
25.6654
25.9432
26.0801
26.2110
26.4899
26.7566
27.0303
27.2971
27.5708
27.7273
27.8437
28.1212
28.2089
28.3010
28.3918
28.6674
28.9349
29.2142
29.4807
29.7600
29.9002
30.0251
30.3033
30.4441
30.5720
30.8507
30.9903
31.1161
31.3967
31.5360
31.6645
31.9426
32.0900
32.2076
32.4827
32.7560
33.0318
33.1721
33.2252
33.2993
33.5760
33.7138
33.8456
34.1243
34.3905
34.6711
34.8092
34.9359
35.2165
35.4812
35.7559
36.0245
36.3001
36.4538
36.5733
36.8468
36.9348
37.0281
37.1195
37.3897
37.6657
37.9346
38.0737
38.2089
38.3469
38.4826
38.6197
38.7551
39.0251
39.3021
39.5718
39.7157
39.8472
40.1197
40.2613
40.3924
40.6627
40.8071
40.9381
41.0798
41.2060
41.3534
41.4840
41.7537
42.0295
42.2997
42.4390
42.5740
42.7100
42.8442
42.9830
43.1194
43.3918
43.6666
43.9365
44.2127
44.4841
44.7490
45.0256
45.1718
45.3001
45.4439
45.5703
45.6644
45.7567
45.8484
46.1177
46.3927
46.6627
46.8017
46.9364
47.0724
47.2092
47.3500
47.4832
47.7526
48.0291
48.2998
48.5731
48.8453
48.9882
49.1189
49.3899
49.5344
49.6630
49.8070
49.9351
50.0801
50.2110
50.4817
50.7563
51.0273
51.1662
51.3019
51.4390
51.5719
51.7098
51.8472
52.1192
52.3932
52.6646
52.9386
53.2105
53.4758
53.7515
53.8976
54.0287
54.3011
54.3908
54.4823
54.5750
54.8494
54.9795
55.1199
55.3945
55.6641
55.9412
56.2082
56.4873
56.6145
56.7573
57.0349
57.1607
57.2988
57.5793
57.8453
58.1226
58.2742
58.3895
58.6660
58.9374
59.2141
59.3434
59.4533
59.7589
60.0271
60.3041
60.5716
60.8523
60.9789
61.1186
61.3976
61.5250
61.6622
61.9432
62.2093
62.4850
62.6382
62.7530
63.0287
63.3010
63.5783
63.8455
64.1217
64.3916
64.6667
64.9350
65.2148
65.4829
65.7606
65.8901
66.0277
66.3058
66.5729
66.8493
67.0023
67.1165
67.3928
67.6648
67.9403
68.0676
68.2105
68.4863
68.6158
68.7566
69.0347
69.3010
69.5791
69.7056
69.8473
70.1260
70.2514
70.3325
70.3926
70.6706
70.7962
70.9385
71.2144
71.3652
71.4802
71.7567
72.0281
72.3034
72.5706
72.8504
73.1152
73.3955
73.6604
73.9404
74.2125
74.4866
74.7518
75.0322
75.3042
75.5783
75.7283
75.8429
76.1198
76.3926
76.6686
76.9345
77.2128
77.4803
77.7620
78.0255
78.3073
78.5716
78.8530
79.1171
79.3920
79.6606
79.9368
80.0912
80.2093
80.3463
80.4813
80.6192
80.7562
81.0295
81.3010
81.5753
81.7103
81.8447
82.1224
82.2565
82.3903
82.6663
82.9380
83.2135
83.3529
83.4831
83.7597
83.8982
84.0285
84.3039
84.4540
84.5742
84.8479
85.1191
85.3941
85.6635
85.9389
86.0760
86.2095
86.4869
86.6195
86.7539
87.0322
87.3010
87.5792
87.8452
88.1205
88.3885
88.6625
88.8186
88.9368
89.0809
89.2071
89.2998
89.3924
89.4819
89.7566
90.0270
90.3027
90.4379
90.5725
90.8489
90.9836
91.1180
91.3933
91.6641
91.9416
92.2081
92.4868
92.6276
92.7541
93.0340
93.1805
93.2990
93.5735
93.8467
94.1206
94.3915
94.6665
94.8043
94.9370
95.2145
95.3468
95.4820
95.7590
96.0290
96.3074
96.5734
96.8473
97.1155
97.3912
97.5446
97.6637
97.9387
98.0262
98.1190
98.2107
98.4842
98.7548
99.0304
99.1645
99.2996
99.5780
99.7098
99.8448
100.1201
100.3934
100.6686
100.9369
101.2137
101.3534
101.4844
101.7588
101.9089
102.0250
102.3021
102.5739
102.8493
103.1177
103.3933
103.5284
103.6641
103.9424
104.0743
104.2087
104.4876
104.7558
105.0335
105.2995
105.5739
105.8427
106.1179
106.2730
106.3913
106.6628
106.7555
106.8463
106.9371
107.2112
107.4819
107.7588
107.8929
108.0267
108.3045
108.4388
108.5724
108.8473
109.1189
109.3961
109.6639
109.9426
110.2092
110.4878
110.6351
110.7545
111.0288
111.3016
111.5750
111.8464
112.1213
112.2591
112.3923
112.6690
112.8015
112.9360
113.2131
113.4839
113.7603
114.0292
114.3029
114.5696
114.8433
115.0003
115.1167
115.3929
115.4817
115.5743
115.6643
115.9404
116.0695
116.2096
116.4839
116.7555
117.0324
117.2989
117.5795
117.7064
117.8472
118.1239
118.2515
118.3901
118.6706
118.9372
119.2141
119.3651
119.4807
119.7562
120.0282
120.3055
120.4339
120.5717
120.8488
121.1192
121.3962
121.6628
121.9431
122.0712
122.2097
122.4891
122.6163
122.7537
123.0339
123.3011
123.5776
123.7292
123.8444
124.1197
124.3921
124.6677
124.7983
124.9368
125.2128
125.4833
125.7593
126.0257
126.3078
126.5743
126.8519
126.9794
127.1193
127.3980
127.6640
127.9407
128.0908
128.2079
128.4836
128.7553
129.0314
129.3012
129.5768
129.7059
129.8480
130.1255
130.2533
130.3896
130.6715
130.7962
130.9389
131.2158
131.3425
131.4809
131.7625
131.8874
131.9832
132.3051
132.4564
132.5717
132.8486
133.1193
133.3950
133.5245
133.6618
133.9388
134.2087
134.4850
134.7543
135.0294
135.3009
135.5775
135.7067
135.8445
136.1210
136.3919
136.6662
136.8199
136.9365
137.2097
137.4830
137.7579
137.8888
137.9930
138.3035
138.5739
138.8490
139.1182
139.3964
139.6651
139.9433
140.0702
140.2093
140.4837
140.7519
141.0262
141.1852
141.2984
141.5727
141.6631
141.7558
141.8471
142.1196
142.3922
142.6664
142.9357
143.2120
143.4810
143.7568
143.8861
143.9514
144.0295
144.3031
144.5102
144.5727
144.8480
145.1189
145.3944
145.5475
145.6633
145.9375
146.2108
146.4858
146.7540
147.0312
147.1615
147.3006
147.5775
147.8455
148.1236
148.2505
148.3930
148.6706
148.7971
148.9349
149.2100
149.4792
149.6926
149.7531
149.9100
150.0267
150.3008
150.3905
150.4845
150.5726
150.8458
151.1186
151.3936
151.5304
151.7998
152.0745
152.2100
153.1687
153.2964
153.5690
153.7165
153.8416
154.1147
154.2627
154.3866
154.5358
154.6588
154.8078
154.9366
155.2081
155.4824
155.7560
155.8931
156.1643
156.4380
156.5714
156.8479
157.1157
157.5334
157.6614
157.9333
158.0835
158.2062
158.4787
158.6256
158.7515
158.8987
159.0241
159.1709
159.3019
159.5721
159.8452
160.1185
160.2552
160.5280
160.8010
160.9363
161.3533
161.4798
161.8987
162.0238
162.2953
162.4458
162.5692
162.8424
162.9892
163.1151
163.2617
163.3877
163.5334
163.6610
163.9364
164.2092
164.4832
164.6182
164.8918
165.1649
165.3001
165.5723
166.3883
166.6592
166.8082
166.9324
167.2055
167.3525
167.4787
167.6264
167.7506
167.8719
168.0236
171.8915