0.0000
0.3907
1.1651
1.9406
2.3427
2.4665
2.7141
3.1018
3.4884
3.8937
4.2633
4.6509
5.0361
5.4227
5.8095
6.1988
6.5838
7.3588
8.1342
8.5370
8.6575
8.7551
8.9078
9.2952
9.6809
10.0888
10.4566
10.8428
11.2290
11.6153
12.0016
12.3926
12.7774
13.5523
14.3273
14.7301
14.8519
14.9529
15.1013
15.4885
15.8741
16.2796
16.6504
17.0379
17.4242
17.8098
18.1971
18.5863
18.9706
19.7460
20.5210
20.9222
21.0459
21.2949
21.6819
22.0683
22.4750
22.8436
23.2302
23.6169
24.0026
24.3888
24.7783
25.1671
25.5581
25.9410
26.3300
26.7155
27.1066
27.4893
27.8770
28.2629
28.6518
29.0378
29.4256
29.8121
30.5852
30.9723
31.3612
31.7512
32.1354
32.5239
32.9107
33.2984
33.6835
34.0718
34.4560
35.2303
35.6170
36.0048
36.7799
36.9791
37.1697
37.5548
37.9456
38.3291
38.7179
39.1018
39.4925
39.8778
40.2650
40.6542
41.0451
41.4281
41.8170
42.2026
42.5930
42.9773
43.3649
43.7469
44.5212
44.9090
45.6882
46.0753
46.4588
47.2315
47.6168
48.0045
48.7779