0.0000
0.3483
0.5755
0.6873
0.9186
1.0954
1.1469
1.3793
1.7178
1.9442
2.0575
2.2876
2.4596
2.5155
2.7479
3.0866
3.3139
3.4249
3.6565
3.8841
4.1179
4.8040
5.4890
5.8234
6.0509
6.1620
6.3946
6.5695
6.6219
6.8550
7.1930
7.4198
7.5311
7.7622
7.9909
8.1135
8.2251
8.5615
8.7887
8.9005
9.1314
9.3593
9.5926
10.2808
10.9580
11.3005
11.5290
11.6411
11.8278
11.9800
12.0982
12.2120
12.3272
12.6678
12.8984
13.0102
13.1952
13.3500
13.4678
13.5816
13.6955
14.0371
14.2666
14.3773
14.5642
14.8368
14.9505
15.0656
15.4054
15.6390
15.7517
16.0902
16.3207
16.4334
16.7751
17.0036
17.1163
17.3023
17.4577
17.5739
17.6868
17.8024
18.1442
18.3737
18.4861
18.6693
18.8250
18.9425
19.0569
19.1704
19.5122
19.7415
19.8540
20.0380
20.3119
20.4251
20.5397
20.8797
21.1128
21.2250
21.6780
21.7954
21.9088
22.2501
22.4795
22.5919
22.7773
22.9330
23.0500
23.1638
23.2786
23.6193
23.8480
23.9602
24.1467
24.4181
24.5311
24.6457
24.9890
25.2177
25.3302
25.5166
25.6695
25.7865
25.9006
26.0149
26.3599
26.7022
27.3823
27.7249
27.9553
28.0671
28.2525
28.4078
28.5246
28.6394
28.7539
29.0952
29.3245
29.4353
29.6224
29.7766
29.8929
30.0084
30.1220
30.4642
30.6917
30.8039
30.9907
31.1454
31.2624
31.3756
31.4894
31.8337
32.0589
32.1743
32.5178
32.7467
32.8589
33.2030
33.4335
33.5441
33.8866
33.9976
34.1142
34.2266
34.5707
34.8010
34.9110
35.2531
35.3641
35.4844
35.5956
35.8250
36.0528
36.2835
36.6250
36.9754
37.3097
37.5505
37.6571
37.8256
37.8789
38.1026
38.3367
38.6768
38.9171
39.0198
39.1947
39.2453
39.4725
39.7059
40.0476
40.2896
40.3896
40.7300
40.8593
41.0784
41.4193
41.6548
41.7599
41.9834
42.2121
42.4468
42.7843
43.0284
43.1352
43.3019
43.3539
43.5797
43.8119
44.1524
44.3935
44.4944
44.6696
44.7234
44.9464
45.1878
45.5216
45.7655
45.8654
46.1040
46.3326
46.5554
46.7905
46.8959
47.1278
47.5708
47.9181
48.1456
48.2628
48.4901
48.6059
48.8289
48.9463
49.0568
49.1735
49.2864
49.3995
49.5149
49.6276
49.7462
49.8581
49.9681
50.0835
50.1981
50.3106
50.4246
50.6573
50.8831
50.9981
51.2269
51.3419
51.5652
51.6827
51.7952
51.9121
52.0242
52.1376
52.2524
52.3656
52.4819
52.5940
52.7070
52.8224
52.9343
53.0474
53.1608
53.3952
53.6202
53.7384
53.9652
54.0833
54.3043
54.4221
54.5315
54.6501
54.7616
54.8745
54.9896
55.1024
55.2204
55.3313
55.4437
55.5584
55.6731
55.7857
55.8993
56.1310
56.3574
56.4741
56.7016
56.8180
57.0420
57.1600
57.2700
57.3859
57.4988
57.6122
57.7282
57.8402
57.9606
58.0702
58.1818
58.2962
58.4099
58.5235
58.6385
58.8767
59.2108
59.4500
59.5571
59.7271
59.7793
60.0039
60.2388
60.5784
60.8187
60.9214
61.0954
61.1471
61.3739
61.6076
61.8455
61.9466
62.1895
62.2921
62.7609
62.9813
63.2167
63.3210
63.5545
63.6624
63.8848
64.1153
64.3481
64.6857
64.9277
65.0320
65.2015
65.2553
65.4808
65.7107
66.0533
66.2980
66.3984
66.5717
66.6237
66.8498
67.0856
67.4230
67.6651
67.7662
68.0097
68.1070
68.2342
68.4524
68.7956
69.0310
69.1366
69.3720
69.4732
69.5877
69.8200
70.0473
70.1627
70.2728
70.3913
70.5069
70.7302
70.8466
70.9579
71.0751
71.1878
71.3006
71.4157
71.5283
71.6471
71.7572
71.8695
71.9851
72.0976
72.2112
72.3249
72.5582
72.7833
72.8978
73.1281
73.2451
73.4666
73.5839
73.6944
73.8124
73.9237
74.0369
74.1537
74.2670
74.3864
74.4968
74.6060
74.7215
74.8356
74.9471
75.0620
75.2950
75.5209
75.6353
75.7460
75.8653
75.9820
76.2055
76.3228
76.4333
76.5499
76.6623
76.7750
76.8910
77.0030
77.1221
77.2341
77.3456
77.4591
77.5727
77.6856
77.7998
78.0338
78.2595
78.3744
78.4879
78.6036
78.7196
78.9428
79.0602
79.1707
79.2879
79.3999
79.5136
79.6287
79.7412
79.8608
79.9709
80.0832
80.1973
80.3115
80.4263
80.5392
80.7710
80.8881
80.9529
81.0107
81.1125
81.2288
81.3453
81.4554
81.5796
81.6377
81.6925
81.7947
81.9198
82.0221
82.1389
82.2587
82.3227
82.3790
82.4806
82.5973
82.7149
82.8224
82.9499
83.0070
83.0606
83.1624
83.2882
83.3916
83.5070
83.6255
83.6905
83.7470
83.8493
83.9663
84.0837
84.1937
84.3193
84.3756
84.4309
84.5328
84.6550
84.7606
84.8778
84.9913
85.0589
85.1165
85.2177
85.3327
85.4515
85.5615
85.6795
85.7450
85.7990
85.9002
86.0258
86.1281
86.2443
86.3637
86.4282
86.4852
86.5867
86.7022
86.8196
86.9294
87.0588
87.1131
87.1689
87.2703
87.3953
87.4983
87.6142
87.7319
87.7973
87.8547
87.9562
88.0715
88.1893
88.2994
88.4260
88.4813
88.5362
88.6385
88.7633
88.8666
88.9825
89.1018
89.1666
89.2231
89.3245
89.4405
89.5577
89.6670
89.7883
89.8501
89.9059
90.0071
90.1340
90.2369
90.3539
90.4698
90.5356
90.5940
90.6958
90.8112
90.9266
91.0365
91.1558
91.2190
91.2749
91.3760
91.5015
91.6042
91.7205
92.0609
92.2886
92.4024
92.5883
92.7421
92.8562
92.9717
93.0843
93.2089
93.3324
93.4278
93.7731
93.9568
94.1113
94.2252
94.3393
94.4534
94.7003
94.7969
95.1390
95.3268
95.5995
95.8263
96.1674
96.3994
96.5067
96.7534
96.8491
96.9742
97.0779
97.1939
97.4399
97.5363
97.7640
97.8747
98.0653
98.2174
98.3306
98.4454
98.5610
98.9032
99.1389
99.2476
99.4319
99.5863
99.7004
99.8150
99.9287
100.0519
100.2722
100.6132
100.9588
101.0844
101.3017
101.4107
101.6391
101.8715
101.9824
102.2285
102.3253
102.4530
102.6699
102.9153
103.0113
103.2404
103.3509
103.5386
103.6922
103.8058
103.9201
104.0357
104.3788
104.6182
104.7210
104.9095
105.0610
105.1777
105.2900
105.4056
105.7484
106.0903
106.2755
106.5494
106.7765
107.1173
107.3463
107.4578
107.7992
107.9295
108.0284
108.1443
108.3918
108.4871
108.7162
108.8258
109.0128
109.1676
109.2820
109.3971
109.5112
109.7572
109.8528
110.1956
110.3833
110.5359
110.6521
110.7662
110.8792
111.0025
111.2237
111.4469
111.5640
111.9108
112.0299
112.2491
112.3604
112.5917
112.8207
112.9352
113.2759
113.4018
113.6229