0.0000
0.3047
0.6033
0.9010
1.1975
2.0844
2.2362
2.3841
2.6832
2.9797
3.2769
3.8698
4.1658
4.7613
5.0581
5.3541
5.6518
5.9470
6.8375
6.9854
7.1348
7.4280
7.7229
8.0247
8.6634
8.9948
9.7070
10.0000
10.2942
10.5897
10.8811
11.7616
11.9114
12.0601
12.3549
12.6490
12.9424
13.5302
13.8236
14.4107
14.7061
15.0014
15.2940
15.5881
16.4688
16.6166
16.7667
17.0609
17.3541
17.6485
19.1163
19.4128
19.7069
20.0007
20.1459
20.2939
20.5889
20.8822
20.9551
21.0284
21.1765
21.4711
21.7653
22.0591
22.3525
22.4993
22.6467
22.9426
23.2337
23.3096
23.3824
23.5296
23.8255
24.1193
24.4125
24.7076
25.0008
25.2949
25.5897
25.8815
25.9410
26.1772
26.4712
26.7640
27.0669
27.6568
27.9421
28.2369
28.5294
28.8252
29.1205
29.4128
29.5581
29.7054
30.0014
30.2925
30.3684
30.4408
30.5883
30.8842
31.1774
31.4721
31.7665
31.9115
32.0577
32.3533
32.6454
32.7207
32.7943
32.9403
33.2358
33.5319
33.8240
34.1180
34.4134
34.7054
35.0000
35.4409
35.5888
35.8848
36.1803
36.4724
37.0610
37.3611
37.6516
37.9434
38.2374
38.2889
38.5307
38.8253
38.9710
39.1168
39.4117
39.7041
39.7794
39.8527
39.9993
40.2947
40.5910
40.8849
41.1780
41.3228
41.4703
41.7649
42.0588
42.1335
42.2046
42.3525
42.6498
42.9539
43.2376
43.2886
43.5300
43.8248
44.1186
44.1722
44.4145
44.7078
44.7611
45.0025
45.2997
45.5901
45.8909
46.4791
46.7651
47.0608
47.3533
47.6491
47.7020
47.9430
47.9970
48.2363
48.2883
48.3819
48.5295
48.8242
49.1178
49.1902
49.2636
49.4120
49.7098
50.0027
50.0549
50.2965
50.3495
50.5897
50.7350
50.8818
51.1760
51.4691
51.5443
51.6171
51.7645
52.0610
52.3633
52.6494
52.7010
52.9425
52.9931
53.2364
53.5306
53.8256
54.2636
54.4128
54.7124
55.0086
55.2965
55.3485
55.8868
56.1783
56.4721
56.7659
57.0575
57.1111
57.3540
57.4058
57.6475
57.9426
57.9933
58.2378
58.2897
58.5299
58.8248
59.1173
59.4257
59.7065
59.7593
60.0018
60.2939
60.3460
60.6037
60.8830
61.1911
61.4715
61.7631
61.8172
62.0611
62.1111
62.3541
62.6473
62.6993
62.9424
62.9934
63.2354
63.5824
63.8234
64.1180
64.4102
64.7064
65.3468
65.5897
65.8956
66.1788
66.4717
66.5232
66.7663
66.8176
67.0606
67.3538
67.4041
67.6502
67.9413
68.2370
68.2873
68.5297
68.8742
69.1176
69.1693
69.4117
69.7056
69.7577
70.0162
70.2954
70.5995
70.8835
71.1882
71.4737
71.7676
72.0702
72.3566
72.6506
72.9440
73.2379