0.3703
1.0590
1.7554
2.4399
3.1323
3.8197
4.5131
5.8944
6.5801
7.2742
7.9572
8.6488
9.3339
10.0243
11.4102
12.1012
12.7913
13.4825
14.1702
14.8574
15.5411
16.8020
16.9349
17.6173
18.3076
18.9968
19.6874
20.3780
21.0584
22.2363
22.4391
23.1274
23.8231
24.5116
25.2027
25.8922
26.5813
27.2879
27.5134
27.9624
28.6518
29.3418
30.0330
30.7174
31.4074
32.0989
33.4797
34.1672
34.8607
35.5464
36.2419
36.9260
37.6249
39.0048
39.6868
40.3871
41.0667
41.7634
42.4372
43.1385
44.5227
45.2029
45.8997
46.5837
47.2817
47.9636
48.6613
50.0408
50.7176
51.4188
52.1017
52.7991
53.4800
54.1774
55.5551
56.2361
56.9372
57.6221
58.3130
58.9938
59.6951
61.0739
61.7546
62.4478
63.1369
63.8339
64.5185
65.2099
66.5907
67.2689
67.9693
68.6553
69.3483
70.0333
70.7277
72.1069
72.7900
73.4850
74.1638
74.8650
75.5485
76.2462
77.6244
78.3111
79.0037
79.6836
80.3822
81.0688
81.7646
83.1423
83.8220
84.5199
85.2052
85.8993
86.5783
87.2809
88.6610
89.3400
90.0385
90.7225
91.4158
92.0950
92.7972
94.1731
94.8597
95.5562
96.2388
96.9358
97.6187
98.3148