0.3828
1.0709
1.7671
2.4519
3.1443
3.8317
4.5250
5.9061
6.5921
7.2867
7.9691
8.6620
9.3460
10.0362
11.4227
12.1132
12.8032
13.4944
14.1828
14.8693
15.5532
16.8139
16.9468
17.6300
18.3198
19.0087
19.6991
20.3899
21.0704
22.2481
22.4510
23.1394
23.8354
24.5234
25.2145
25.9041
26.5934
27.2998
27.5253
27.9751
28.6639
29.3537
30.0449
30.7294
31.4192
32.1107
33.4916
34.1791
34.8727
35.5584
36.2538
36.9381
37.6369
39.0168
39.6988
40.3990
41.0787
41.7753
42.4491
43.1505
44.5347
45.2149
45.9117
46.5957
47.2938
47.9756
48.6732
50.0527
50.7296
51.4308
52.1137
52.8111
53.4920
54.1898
55.5671
56.2481
56.9492
57.6341
58.3250
59.0057
59.7071
61.0859
61.7666
62.4599
63.1489
63.8459
64.5305
65.2219
66.6026
67.2812
67.9815
68.6674
69.3603
70.0453
70.7399
72.1187
72.8020
73.4974
74.1758
74.8770
75.5604
76.2582
77.6367
78.3231
79.0155
79.6957
80.3944
81.0807
81.7766
83.1541
83.8339
84.5320
85.2173
85.9111
86.5903
87.2928
88.6730
89.3520
90.0503
90.7345
91.4279
92.1070
92.8092
94.1852
94.8719
95.5686
96.2508
96.9478
97.6307
98.3268