0.4313
0.8438
1.2580
1.6685
2.0867
2.4978
2.9154
3.3294
3.7412
4.1521
4.3611
4.5707
4.7721
4.9790
5.3945
5.6035
5.8076
6.0166
6.2262
6.6347
7.0554
7.2613
7.4658
7.8811
8.0893
8.2951
8.7076
9.1227
9.5356
9.9463
10.3622
10.7759
11.1881
11.3948
11.6015
12.0188
12.2226
12.4330
12.6363
12.8431
13.0513
13.2579
13.6736
13.8759
14.0800
14.5032
14.7102
14.9094
15.1181
15.3271
15.7413
15.9450
16.1567
16.5652
16.7732
16.9814
17.3961
17.5997
17.8120
18.0148
18.2224
18.6368
19.0498
19.4668
19.8780
20.2928
20.4964
20.7048
20.9104
21.1224
21.3289
21.5332
21.9483
22.1538
22.3626
22.5659
22.7758
22.9803
23.1883
23.3979
23.6035
23.8088
24.0175
24.2210
24.4309
24.6345
24.8446
25.2568
26.0871
26.4968
26.9141
27.3273
27.7444
27.9461
28.1514
28.5684
29.3988
29.8082
30.2229
30.6354
31.0528
31.4651
31.8773
32.7078
33.1194
33.5324
33.9452
34.3622
34.5666
34.7754
35.1890
35.6008
36.0171
36.8462
37.2595
37.6727
38.0838
38.2895
38.4999
38.7065
38.9148
39.1179
39.3264
39.5308
39.7407
40.1549
40.5648
40.7719
40.9824
41.1921
41.3929
41.8112
42.2223
42.6393
43.0514
43.4658
43.8768
44.2946
44.4958
44.7040
45.1180
45.3266
45.5317
45.7407
45.9496
46.3591
46.7790
46.9813
47.1901
47.3950
47.6047
47.8141
48.0177
48.8471
49.2589
49.6704
50.0863
50.4982
50.9115
51.1226
51.3251
51.7431
51.9470
52.1565
52.3600
52.5671
52.9817
53.3973
53.8071
54.2269
54.4336
54.6327
55.0507
55.4650
55.6690
55.8807
56.0841
56.2922
56.7054
57.1206
57.3239
57.5356
57.7389
57.9476
58.3596
59.1909
59.6020
60.0144
60.4285
60.8443
61.0545
61.2564
61.6743
62.0842
62.5002
62.9116
63.3268
63.7408
64.1561
64.5710
64.7737
64.9829
65.1887
65.3925
65.6025
65.8133
66.2242
67.4675
67.6702
67.8790
68.2915
68.5012
68.7049
68.9143
69.1227
69.3253
69.5352
69.7391
69.9462
70.1541
70.3608
70.5679
70.7765
70.9792
71.1858
71.3925
71.6059
71.8084
72.0162
72.2281
72.4303
72.6412
72.8490
73.0495
73.2591
73.4633
73.6730
73.8759
74.0849
74.2933
74.4976
74.7064
74.9152
75.1172
75.3248
75.5314
75.7417
75.9450
76.1542
76.3606
76.5695
76.7730
76.9798
77.1915
77.3945
77.6043
77.8102
78.0151
78.2255
78.4288
78.6359
78.8452
79.0532
79.2553
79.4659
79.8240
79.8797
80.0830
80.2897
80.4966
80.7087
80.9137
81.1193
81.3263
81.5345
81.7398
81.9469
82.1529
82.3628
82.5656
82.7754
82.9816
83.1894
83.3954
83.6017
83.8080
84.0186
84.2232
84.4301
84.6335
84.8471
85.0500
85.2570
85.4631
85.6717
85.8783
86.0823
86.2897
86.5023
86.7032
86.9107
87.1180
87.3286
87.5348
87.7406
87.9469
88.1568
88.3609
88.5677
88.7727
88.9808
89.1887
89.3932
89.6012
89.8111
90.0136
90.2225
90.4322
90.6359
90.8435
91.0525
91.2566
91.4653
91.6690
91.8779
92.0893
92.2887
92.5023
92.7098